StateCode Division YearMonth     PCP    TAVG    PDSI    PHDI    ZNDX    PMDI     CDD     HDD    SP01    SP02    SP03    SP06    SP09    SP12    SP24    TMIN    TMAX 
       05       01    199101     .31    26.9    -.19    1.72    -.52    1.33       0    1181    -.43    -.46     .41     .69     .97     1.1     .49    14.1    39.7 
       05       01    199102     .15    37.4    -.79     .93   -1.85    -.31       0     773   -1.85   -1.78   -1.17     .86     .66     .82     .33    20.8    54.1 
       05       01    199103    1.21    39.8    -.72     .82    -.03    -.39       0     781      .6    -.16    -.36     .15    1.26      .8     .56    25.6      54 
       05       01    199104     .99    47.2    -.95    -.95    -.91    -.95       0     534    -.31    -.03    -.47    -.22     .21      .6     .68    32.3      62 
       05       01    199105    1.33    58.9   -1.72   -1.72   -2.62   -1.72      16     205    -.61    -.77    -.49    -.89     .15     .23      .5    43.5    74.3 
       05       01    199106    2.15    67.8   -1.71   -1.71    -.49   -1.71     125      41     .63    -.07    -.35    -.49    -.21     .67     .43    52.9    82.7 
       05       01    199107    3.14    70.2     .45   -1.08    1.36    -.33     168       7     .76     .87     .34    -.06     .07      .3     .72    55.8    84.7 
       05       01    199108    3.34      69    1.36    1.36    2.86    1.36     137      13     1.3    1.32    1.31     .53      .3     .85     .94    55.1    82.9 
       05       01    199109    1.15    60.9    1.13    1.13    -.27     .89      23     146     .08     .95    1.09     .41     .28     .41     .81    46.3    75.6 
       05       01    199110     .66    50.7     .83     .83    -.56      .2       0     443    -.22    -.21     .59     .51     .22     .29     .82    33.8    67.6 
       05       01    199111    2.07    33.2    2.27    2.27    4.57    2.27       0     954    2.19    1.22     .95    1.41     .82     .61    1.28    21.3    45.1 
       05       01    199112     .73    30.4    2.41    2.41    1.13    2.41       0    1073     .65    2.23    1.26    1.44     .82     .68    1.44    18.6    42.3 
       05       01    199201     .33    30.8    -.01    2.15    -.04    2.07       0    1060    -.34     .24    2.08    1.33    1.05     .68    1.27    17.1    44.5 
       05       01    199202     .39    36.4    -.19    1.75    -.53    1.37       0     801    -.29    -.59    -.08     .76    1.31     .75    1.14    22.9      50 
       05       01    199203    1.24    42.1    -.11    1.63     .17    1.27       0     710     .64     .28     .08     .99    1.35     .78    1.17      28    56.3 
       05       01    199204     .55    51.7    -.93     .63    -2.5    -.84       0     399   -1.51    -.44    -.65      .5     .63     .61     .89    35.6    67.8 
       05       01    199205    1.28      58   -1.57   -1.57   -2.21   -1.57      12     229    -.67    -1.3    -.83    -.84    -.12     .58     .55    43.7    72.3 
       05       01    199206    3.29      63    1.14    1.14    3.42    1.14      50     110    1.55     .67     .02    -.01     .52     .92    1.16    49.2    76.9 
       05       01    199207    2.86    68.9    1.69    1.69       2    1.69     133      12     .49    1.45     .78     .23      .8     .89     .79    54.5    83.3 
       05       01    199208    3.54    66.6    3.02    3.02    4.51    3.02      84      34    1.49    1.27    1.87     .77     .73       1    1.19    52.4    80.8 
       05       01    199209     .34    62.6    2.02    2.02   -2.05    1.12      39     111   -1.45     .45     .56     .31      .3     .72     .73    46.2      79 
       05       01    199210     .39    52.1    1.38    1.38    -1.3    -.06       0     400    -.76   -1.67     .02     .48     .13     .63     .53    35.5    68.7 
       05       01    199211    1.56    31.6    2.35    2.35    3.34    2.17       0    1002    1.65     .53    -.34     1.2     .49     .46     .65      20    43.1 
       05       01    199212     .48    26.7    2.21    2.21     .29    2.08       0    1187    -.01    1.39     .38     .56     .38     .35     .69    14.5    38.9 
       05       01    199301     .52    26.3    2.13    2.13     .45    2.12       0    1200     .38     .11     1.4     .54     .79     .41     .74    14.4    38.1 
       05       01    199302     .92    29.1    2.47    2.47    1.69    2.47       0    1005    1.08    1.01     .66    -.04    1.28     .58     .94      17    41.1 
       05       01    199303    1.43    39.8    2.64    2.64    1.28    2.64       0     781     .93    1.27     1.2     .91     .91     .66    1.05    26.3    53.3 
       05       01    199304    1.18    46.8    2.36    2.36    -.04    2.28       0     546    -.05     .31     .52     .92     .59     .83    1.08    32.4    61.1 
       05       01    199305    2.41    56.3    2.53    2.53    1.24    2.53       7     276     .49     .19      .4     .57     .24     1.1    1.22    42.2    70.4 
       05       01    199306    1.51    65.6    2.66    2.66    1.17    2.66      88      70    -.05     .24     .01      .4     .46     .62    1.12    50.3      81 
       05       01    199307     1.3    71.4       2       2   -1.15    1.45     202       0   -1.36   -1.09    -.55    -.16     .27     .14     .68    55.9    86.9 
       05       01    199308     3.5    68.2    3.13    3.13       4    3.13     117      18    1.45     .12    -.02     .18     .36     .12     .73    54.7    81.6 
       05       01    199309     1.1    58.7    2.88    2.88     .22    2.88      11     200     .01    1.04     .04    -.04     .32     .39     .71    43.2    74.1 
       05       01    199310    1.19    48.4    2.98    2.98     1.2    2.98       0     515     .51     .25     .97     .19     .36     .66      .8    33.5    63.3 
       05       01    199311    1.06    32.9     3.3     3.3    1.88     3.3       0     963       1     .82     .57     .23     .37     .49     .56    19.1    46.8 
       05       01    199312     .25    31.9    2.78    2.78    -.55     2.5       0    1026     -.9     .36     .44     .19     .09     .39     .47    17.9    45.9 
       05       01    199401     .53    30.6     2.6     2.6     .32    2.39       0    1066     .41    -.43     .41     .99     .23     .39     .51    15.7    45.6 
       05       01    199402     .19    30.6    2.11    2.11    -.67    1.57       0     963    -1.4    -.59   -1.05     .04    -.05     .12     .46    15.4    45.8 
       05       01    199403    1.13    41.9    1.79    1.79    -.28     1.1       0     716     .46    -.23    -.08     .22     .11     .05     .43    26.5    57.3 
       05       01    199404    2.11      47    2.15    2.15    1.63    2.03       0     540     .77     .74     .45     .47     .86     .36     .87    32.4    61.5 
       05       01    199405    2.81    58.8    2.38    2.38    1.33    2.38      15     207     .82     .92     .91      .6     .68     .48    1.15    45.1    72.5 
       05       01    199406    1.62    70.8    2.17    2.17      .1    2.14     191      17     .08     .58     .73     .59     .65     .52     .82    54.4    87.1 
       05       01    199407    1.58    70.8    1.51    1.51   -1.31     .84     185       0    -.96    -.75    -.03     .15     .26     .63     .49    54.3    87.3 
       05       01    199408    3.52    71.3    2.43    2.43    3.24    2.43     200       0    1.47     .34     .23     .77     .55     .66      .5    56.8    85.9 
       05       01    199409     .81    62.8    1.78    1.78   -1.21    1.19      42     108    -.45     .82     .04     .55     .48     .56      .6    47.2    78.5 
       05       01    199410    1.76    50.3    2.39    2.39    2.38    2.39       0     456     1.1     .49    1.13     .65      .7     .74     .88    36.1    64.6 
       05       01    199411    1.01    37.5    2.52    2.52    1.15    2.52       0     825     .93    1.26     .74     .51     .93     .72     .76    24.4    50.6 
       05       01    199412     .27    34.4    1.97    1.97    -.88    1.53       0     949     -.8     .31     .92     .45      .8     .72     .75    20.3    48.6 
       05       01    199501     .41    31.6    1.69    1.69    -.23     1.1       0    1035    -.02    -.71     .17    1.07      .6     .67     .71      18    45.2 
       05       01    199502     .42    37.4    1.17    1.17   -1.03     .11       0     773    -.18    -.26    -.76     .31     .27     .74     .58      22    52.8 
       05       01    199503    1.35    39.6     1.2     1.2     .44     .32       0     787     .81     .49     .37     .86     .51     .83     .57    25.7    53.6 
       05       01    199504    2.53    43.1    2.17    2.17    3.27    2.17       0     657    1.04    1.11    1.01     .87    1.25     .92     .95    29.5    56.7 
       05       01    199505    4.42    51.5    4.01    4.01     6.2    4.01       0     418    1.93    1.77    1.82    1.52    1.56    1.31    1.31    39.5    63.4 
       05       01    199506    3.29      63     5.7     5.7     6.3     5.7      50     110    1.55    2.31    2.19    2.12    2.12    1.78     1.7    49.2    76.9 
       05       01    199507    1.93    69.5    6.13    6.13    3.05    6.13     149       9    -.52     .82    1.82    1.87    1.72       2    1.86      54    84.9 
       05       01    199508    1.57    73.1    5.67    5.67     .52    5.67     251       0    -.78    -.92     .27    1.67    1.41    1.53    1.43    57.4    88.7 
       05       01    199509    1.42      61    5.48    5.48    1.18    5.48      24     144     .44    -.35    -.61    1.57    1.56    1.69    1.52    46.4    75.5 
       05       01    199510     .12    49.9    -.53    4.38   -1.59    3.74       0     468   -1.65     -.5    -.89     .91    1.19    1.15    1.26    32.4    67.3 
       05       01    199511     .24    41.7   -1.03    3.38   -1.66    2.08       0     699    -.84   -1.82    -.88    -.25    1.09     .93    1.07    25.5    57.9 
       05       01    199512     .22    32.7   -1.24    2.72    -.93    1.07       0    1001   -1.06   -1.54   -1.95    -1.3     .88     .91    1.16    18.2    47.2 
       05       01    199601     .47    28.5   -1.14    2.41     -.1     .75       0    1132      .2    -.68   -1.24   -1.33     .56     .93    1.13    12.1      45 
       05       01    199602     .32    34.5   -1.32    1.86    -.89    -.05       0     854    -.59    -.37    -.96   -1.28     -.5     .88    1.18    18.2    50.8 
       05       01    199603     .96    36.7   -1.18    1.68     .01    -.16       0     877     .16     -.3    -.23   -1.57    -1.3     .77    1.19    20.8    52.5 
       05       01    199604     .78    48.6    -1.6     .96   -1.62   -1.25       0     492    -.69     -.5    -.79   -1.26   -1.44     .18     .81    32.8    64.4 
       05       01    199605    2.25    61.3   -1.91   -1.91   -1.44   -1.91      33     147     .35    -.18    -.18    -.49    -.93    -.51     .63    45.5    77.1 
       05       01    199606    1.79    67.8   -2.05   -2.05      -1   -2.05     125      41     .27     .32    -.14    -.26    -.95   -1.08     .71    52.6      83 
       05       01    199607     3.5    71.2      .7   -1.14    2.09    -.11     196       0    1.08     .87     .84     .22    -.05    -.55    1.11      57    85.3 
       05       01    199608    3.03      69    1.35    1.35    2.16    1.35     137      13     .99    1.36    1.14     .59     .39    -.04       1    54.9    83.1 
       05       01    199609    1.96    59.9    1.87    1.87    1.98    1.87      16     169    1.06    1.34    1.57     .88     .76     .16    1.27      46    73.8 
       05       01    199610     .68    50.6    -.16    1.52    -.47    1.22       0     446    -.19     .55      .9    1.09     .62     .37     .99    34.7    66.5 
       05       01    199611     .49    38.3    -.32    1.18    -.55     .56       0     801    -.06    -.36      .4     .99     .62     .44     .87    24.2    52.3 
       05       01    199612     .34      32    -.49     .86    -.59    -.06       0    1023    -.49    -.54     -.6     .95     .57     .46     .96      17    46.8 
       05       01    199701     .52    28.4    -.45     .76    -.03    -.18       0    1135     .38    -.22     -.4     .65     .91     .47     .97    14.6    42.3 
       05       01    199702     .91    31.4    -.02    1.07    1.16     .59       0     941    1.06     .99     .44     .46    1.01     .66    1.11    18.4    44.3 
       05       01    199703     .31    42.7    -.88    -.88    -2.6    -.88       0     691   -1.55    -.41    -.25    -.68     .78     .46     .86    25.6    59.8 
       05       01    199704    2.23    41.9      .8      .8    2.39      .8       0     693     .86     .25     .46     .19     .63     .89     .79    28.1    55.8 
       05       01    199705    1.01    56.3     .03     .03   -2.05    -.68       7     276   -1.03    -.03    -.47    -.28     -.1      .5    -.05    41.5    71.2 
       05       01    199706     2.5    66.3     .41     .41    1.13     .41      99      60     .94    -.05     .35     .18     -.1     .72    -.22    51.6      81 
       05       01    199707    2.29      72     .29     .29    -.22     .29     220       0     -.1     .51    -.16     .07    -.02     .37    -.17    56.2    87.8 
       05       01    199708    4.39    68.8     2.2     2.2    5.82     2.2     132      14    2.24    1.46    1.61     .76     .83     .85     .52    55.7      82 
       05       01    199709    1.32      64    1.97    1.97    -.01     1.9      58      88     .32    1.87     1.3    1.05     .92     .62     .49    50.1    77.9 
       05       01    199710    2.36    49.5    3.12    3.12    4.04    3.12       0     480    1.59    1.31    2.11    1.35    1.28    1.13     .97    34.7    64.3 
       05       01    199711     1.1    34.7    3.46    3.46       2    3.46       0     909    1.06    1.77    1.53    1.96     1.3    1.32    1.18    22.3    47.2 
       05       01    199712     .84    27.7    3.59    3.59    1.47    3.59       0    1156     .89    1.26    1.88    1.98    1.63     1.5    1.45    17.4    38.1 
       05       01    199801     .13      32    3.01    3.01    -.64     2.7       0    1023    -1.4     .04     .75    2.25    1.47    1.38    1.34      19      45 
       05       01    199802     .58    33.8    2.85    2.85     .45    2.66       0     874     .31    -.62     .09    1.39     1.9    1.27    1.44    21.9    45.8 
       05       01    199803    1.53    36.9    3.21    3.21    1.95    3.21       0     871    1.07     .96     .45    1.71    1.97    1.64     1.7    23.1    50.7 
       05       01    199804    1.57    44.8    3.26    3.26    1.15    3.26       0     606     .35     .65     .62     .74    1.85    1.36     1.8    30.5    59.2 
       05       01    199805     .91    59.8    2.17    2.17   -2.25    1.21      21     182   -1.17    -.62    -.17    -.13     .67    1.26    1.29    43.5      76 
       05       01    199806     .76    65.3    1.64    1.64    -.93     .29      83      74   -1.21   -1.77   -1.17    -.85     .22     .81    1.11    48.6      82 
       05       01    199807    5.26    72.4    3.71    3.71    6.73    3.71     232       0    2.44    1.37     .51     .65     .78    1.73    1.48    58.3    86.4 
       05       01    199808    2.59    69.1    4.01    4.01    2.04    4.01     139      12     .52    2.21     1.3     .71     .71    1.27    1.38    54.9    83.3 
       05       01    199809     .71    66.4     3.1     3.1    -1.5    2.46      94      52    -.63    -.06    1.61     .29     .38    1.06    1.11    50.6    82.3 
       05       01    199810    1.92    51.5    3.69    3.69    2.74    3.69       0     418    1.24     .54     .63     .67      .8      .9    1.37    36.8    66.1 
       05       01    199811    1.03    42.1    3.49    3.49     .53    3.49       0     687     .96     1.4      .8    1.31      .9     .89     1.5    28.8    55.4 
       05       01    199812     .32    30.5    2.97    2.97    -.47    2.72       0    1070    -.57     .43    1.11    1.77     .65     .71    1.65    16.2    44.8 
       05       01    199901     .54      34    2.65    2.65    -.04    2.33       0     961     .44    -.22     .48      .7      .7     .84    1.63    20.2    47.8 
       05       01    199902     .16    38.8     1.7     1.7   -2.03     .53       0     734   -1.72    -.65    -.93     .31    1.04     .69    1.46    21.8    55.7 
       05       01    199903     .91      42    1.11    1.11   -1.24    -.52       0     713     .07     -.7    -.45     .62    1.51      .5    1.74      27      57 
       05       01    199904    4.74    44.8    3.45    3.45    7.35    3.45       0     606    2.08    1.93    1.81    1.67    1.55    1.43    2.28    31.3    58.2 
       05       01    199905    3.25    55.1    4.22    4.22    3.39    4.22       0     311    1.15    2.14    2.03    1.69    1.74    1.93    2.39      41    69.2 
       05       01    199906    1.48      65    4.51    4.51    2.16    4.51      78      78    -.09     .77    1.92    1.65    1.79    2.17    2.19    49.9    80.1 
       05       01    199907    2.92    72.5    5.15    5.15    3.32    5.15     232       0     .55     .21     .89    1.71    1.64    1.68     2.4    58.2    86.8 
       05       01    199908    3.12    70.1     5.9     5.9    3.84     5.9     166       8    1.08    1.02     .69    2.16    1.81    1.93    2.09    56.3      84 
       05       01    199909    1.03    59.5    5.43    5.43     .42    5.43      14     179    -.09     .67     .76    2.05    1.83    1.99    2.07    45.4    73.6 
       05       01    199910     .88    50.9    4.97    4.97     .29    4.97       0     437     .12     -.1     .52     .88    1.63     1.6    1.75    33.4    68.4 
       05       01    199911     .22    45.1    -.75    3.71   -2.26     2.8       0     597    -.93    -.45     -.5     .23    1.62    1.41    1.56    27.4    62.8 
       05       01    199912      .4    32.4    -.77    3.23    -.29    2.18       0    1011    -.27   -1.06    -.61     .27    1.63    1.46    1.61      18    46.7 
       05       01    200001     .48      33    -.72    2.86     -.1    1.76       0     992     .24    -.17    -.88     .12      .6    1.45    1.68    18.5    47.4 
       05       01    200002      .3    39.1   -1.22    1.99   -1.72     .28       0     725    -.68     -.4    -.59    -.79     .03    1.49    1.65    23.2    54.9 
       05       01    200003    2.56    40.6    -.06    2.83    3.11    2.17       0     756    2.27    1.85    1.69     .59     .85    1.97    2.09    27.4    53.7 
       05       01    200004    1.18    49.8    -.33    2.26    -.84     1.3       0     456    -.05    1.03     .85      .4     .51     .84    1.81    32.9    66.7 
       05       01    200005     .98    60.4   -1.36     .96   -3.18    -.98      25     168   -1.07    -.93     .24     .06    -.29     .14     1.6    43.9    76.9 
       05       01    200006    1.24      67   -1.71   -1.71   -1.46   -1.71     110      50     -.4   -1.16   -1.05    -.18    -.43     .06    1.72    51.4    82.6 
       05       01    200007    2.32    73.4   -1.74   -1.74    -.61   -1.74     260       0    -.07    -.45   -1.05    -.25    -.44    -.16    1.09    57.8    88.8 
       05       01    200008    1.74    73.3   -2.18   -2.18   -1.88   -2.18     257       0    -.54    -.46    -.66    -.38    -.49    -.72     .91    57.4    89.1 
       05       01    200009     .67    64.2   -2.62   -2.62   -1.98   -2.62      60      84    -.71    -.92    -.74   -1.34    -.67    -.86      .9    47.5    80.8 
       05       01    200010       2    51.2     .94   -1.41    2.83    -.15       0     428     1.3     .58     .11    -.71     -.2    -.38     .88    37.3    65.1 
       05       01    200011     .26    31.9     .75   -1.36    -.28    -.22       0     993    -.76     .82     .24    -.41    -.25    -.38      .7    18.6    45.2 
       05       01    200012      .3    28.7     .46   -1.43    -.64    -.54       0    1125    -.66   -1.23      .5    -.36      -1    -.44     .75    14.7    42.7 
       05       01    200101     .93    27.8     .85    -.84    1.31     .53       0    1153    1.53     .59    -.16    -.03    -.75    -.28     .83    14.1    41.6 
       05       01    200102     .51    31.6     .81    -.71     .14     .65       0     935     .11    1.01     .39      .3    -.33    -.21     .93    19.2    44.1 
       05       01    200103    1.11    38.9     .79    -.58     .19     .77       0     809     .43     .27     .84     .78    -.07    -.71    1.03    26.5    51.2 
       05       01    200104     .83    50.9     .08   -1.15   -1.89    -.41       0     423    -.59    -.28    -.37    -.41    -.28     -.8       0    35.1    66.7 
       05       01    200105    3.66    57.2     .93     .93    2.59     .93       9     251    1.44      .7      .7     .74     .65     .14     .14      43    71.4 
       05       01    200106    1.38      68     .67     .67     -.5     .67     129      39    -.22     .95     .41      .6     .68     .18     .15    51.8    84.1 
       05       01    200107    2.84    74.9      .8      .8     .59      .8     307       0     .47     .08    1.01     .54     .47     .36     .08    59.6    90.3 
       05       01    200108     1.7    70.9    -.45    -.45   -1.36    -.45     188       5    -.59    -.08    -.27     .26     .37     .35    -.25    55.5    86.2 
       05       01    200109     .83    63.7    -.88    -.88   -1.41    -.88      53      92    -.42     -.8    -.31     .06     .28     .41    -.32    47.1    80.2 
       05       01    200110     .18    51.5   -1.42   -1.42    -1.9   -1.42       0     418   -1.39    -1.2   -1.27     .02    -.18    -.21     -.5    34.6    68.3 
       05       01    200111     .68    41.9   -1.49   -1.49    -.66   -1.49       0     693     .36    -.81    -.99     -.7    -.16    -.08    -.39    27.3    56.5 
       05       01    200112      .3    31.8   -1.59   -1.59    -.75   -1.59       0    1029    -.66    -.23   -1.05    -.75    -.32    -.11    -.44    17.2    46.5 
       05       01    200201     .54    30.2   -1.43   -1.43    -.02   -1.37       0    1079     .44    -.27    -.11   -1.19    -.07    -.25    -.43    15.7    44.7 
       05       01    200202     .25    31.7   -1.58   -1.58    -.87   -1.58       0     932    -.96    -.37    -.78    -1.3    -.89    -.35    -.45    15.8    47.6 
       05       01    200203     .27    36.4   -1.99   -1.99   -1.74   -1.99       0     887   -1.72   -2.09   -1.48   -1.68   -1.14    -.63   -1.04    19.3    53.5 
       05       01    200204     .26    51.6      -3      -3   -3.64      -3       0     402   -3.09   -3.09   -3.09   -2.15   -2.11     -.8   -1.29    34.7    68.5 
       05       01    200205     .49    58.2   -4.31   -4.31   -4.84   -4.31      13     223    -1.9   -3.09   -3.09   -3.09   -3.09   -2.02   -1.34    41.3    75.1 
       05       01    200206    1.27      72   -5.07   -5.07   -3.61   -5.07     221      11    -.36   -1.66   -2.27    -2.5   -2.79   -2.12   -1.42    55.7    88.3 
       05       01    200207    1.17    74.3   -5.92   -5.92   -4.13   -5.92     288       0   -1.55   -1.43   -2.62   -3.09   -3.09   -3.09   -1.63    58.6    90.1 
       05       01    200208    1.44    71.3   -6.22   -6.22   -2.73   -6.22     200       0    -.98   -1.71   -1.64   -2.86   -3.09   -3.09   -1.77    55.8    86.6 
       05       01    200209    1.83    62.8   -5.23   -5.23    1.04   -4.79      42     108     .92    -.09    -.95   -2.19   -2.64   -2.91   -1.47    48.5      77 
       05       01    200210    1.12    46.4   -4.33   -4.33    1.08   -3.45       0     577     .43     .79      .1   -1.47   -2.45   -2.45   -1.59    32.7      60 
       05       01    200211     .28    38.1   -4.27   -4.27   -1.15   -3.76       0     807    -.69    -.06     .48    -.95   -2.27    -2.6   -1.58    24.2      52 
       05       01    200212     .48    31.4    -3.9    -3.9    -.22   -3.42       0    1042    -.01     -.7    -.18    -.86   -2.04   -2.33   -1.57    18.1    44.7 
       05       01    200301     .23      35   -3.96   -3.96   -1.38   -3.91       0     930    -.82    -.62   -1.11    -.37   -1.61   -2.43   -1.71    20.7    49.4 
       05       01    200302     .82    29.4   -3.31   -3.31     .71   -2.94       0     997     .88     .28     .05     .37    -.92    -2.1   -1.62    16.6    42.1 
       05       01    200303    1.76    41.1   -2.63   -2.63    1.04    -1.8       0     741    1.38    1.54    1.13     .48     -.4   -1.52   -1.52      27    55.1 
       05       01    200304    1.14    50.4   -2.77   -2.77   -1.23   -2.36       0     438     -.1     .52     .65     .13     .06   -1.13   -1.52    35.4    65.5 
       05       01    200305    1.45    58.5   -3.25   -3.25    -2.3   -3.25      14     215    -.47    -.53     .03     .05     .19    -.71   -2.07    43.3    73.7 
       05       01    200306    3.05    63.8   -2.18   -2.18    2.21   -1.23      61      97    1.38     .62      .3     .61     .44    -.12   -1.72    49.7    77.8 
       05       01    200307    1.16    76.3   -3.16   -3.16   -3.61   -3.16     350       0   -1.57     .07    -.25     .13    -.12    -.14   -2.03    59.3    93.4 
       05       01    200308    1.68    72.3   -3.52   -3.52   -2.05   -3.52     229       0    -.62    -1.5    -.28    -.28    -.24    -.08   -2.12    56.9    87.8 
       05       01    200309    1.05      60   -3.32   -3.32     -.5   -3.32      17     167    -.06     -.6   -1.35    -.68     -.3    -.37   -2.08    44.2    75.7 
       05       01    200310     .18    54.9   -3.77   -3.77   -2.36   -3.77       0     317   -1.39    -.88   -1.07    -.88    -.48    -.69    -1.9      38    71.9 
       05       01    200311     .36    37.9   -3.67   -3.67    -.88   -3.67       0     813    -.42    -1.4   -1.12    -.77    -.68    -.68   -1.97    24.1    51.7 
       05       01    200312     .32    33.1   -3.58   -3.58    -.87   -3.58       0     989    -.57     -.9   -1.49   -1.71   -1.13    -.76   -1.98    17.6    48.6 
       05       01    200401     .45      31   -3.33   -3.33    -.34   -3.33       0    1054     .13    -.46    -.82   -1.33   -1.05    -.67   -1.97    16.2    45.8 
       05       01    200402     .73    30.4   -2.81   -2.81     .51   -2.55       0     969     .68     .54       0    -.99    -.77     -.7   -1.83    16.8    44.1 
       05       01    200403     .48    45.8   -3.57   -3.57   -3.13   -3.57       0     595    -.95    -.43    -.37   -1.37   -1.72   -1.16   -1.83    30.1    61.5 
       05       01    200404    3.84    47.6    1.45   -1.75    4.36     .04       0     522    1.71    1.34    1.43     .96     .05    -.14   -1.03    33.9    61.4 
       05       01    200405     .25    60.2   -1.46   -3.03   -4.39   -2.92      23     172   -2.45     .49     .16     .15    -.47    -.52      -1    43.8    76.6 
       05       01    200406    2.92    64.8     .68   -2.03    2.05   -1.06      75      81    1.28    -.31     .94     .71     .12    -.58    -.58    49.7      80 
       05       01    200407    3.15      69    1.32   -1.11    2.13     .68     136      12     .77     1.4     .16     .95     .72     .08     -.1    54.6    83.4 
       05       01    200408    2.98    66.4    2.12    2.12    2.81    2.12      81      37     .94    1.08    1.54    1.11    1.05     .53     .28    51.9    80.8 
       05       01    200409    1.33    62.6    1.98    1.98     .24    1.98      39     111     .33     .81     .99    1.32    1.15     .62     .15      47    78.1 
       05       01    200410     .66    51.3     1.6     1.6    -.55    1.28       0     425    -.22    -.02     .48     .31     .97     .77     .01    36.5      66 
       05       01    200411    1.42    36.9    2.19    2.19    2.28    2.19       0     843    1.49     .66     .62    1.39    1.14     1.1     .28    25.3    48.5 
       05       01    200412     .38      33    1.88    1.88    -.26     1.7       0     992    -.34    1.08     .41     .91    1.28    1.12     .26    18.5    47.6 
       05       01    200501    1.13    33.1    2.37    2.37    2.04    2.37       0     989    1.99     1.1    1.85    1.13     .78    1.34     .48    20.4    45.8 
       05       01    200502     .39    34.9    2.01    2.01    -.34     1.8       0     843    -.29    1.13     .63     .74    1.46    1.23     .36    21.9    47.9 
       05       01    200503    1.34      39    2.13    2.13     .96    2.13       0     806      .8     .43    1.19     .92    1.23    1.49     .25    24.7    53.2 
       05       01    200504    1.72    47.4     2.2     2.2     .87     2.2       0     528     .48     .62     .46    1.06     .97     .79     .44    32.4    62.3 
       05       01    200505     1.6    57.4    -.23    1.74    -.69    1.37      10     245     -.3     .02     .21     .39     .53    1.13     .47    42.6    72.2 
       05       01    200506    1.57    66.6    -.09    1.68     .35     1.4     104      56     .02    -.31     -.1      .3     .39     .78     .16    50.4    82.7 
       05       01    200507    1.18    73.7    -.86     .72   -2.35    -.64     270       0   -1.54   -1.15    -1.2    -.64     .03     .18     .12    56.6    90.9 
       05       01    200508    2.42    69.4    -.55     .88     .68    -.16     147      11     .33    -.84    -.75    -.46    -.26    -.02     .32    54.7      84 
       05       01    200509     .82    65.4   -1.03   -1.03   -1.62   -1.03      78      66    -.43    -.12    -.96    -.78    -.37    -.21     .25    49.6    81.2 
       05       01    200510    1.86    52.2     .79     .79    2.38     .79       0     397    1.19     .58     .56    -.48    -.24     .24     .61    37.2    67.1 
       05       01    200511     .27    41.9    -.59    -.59   -1.78    -.59       0     693    -.72     .71     .26    -.46    -.32    -.17     .59    26.2    57.6 
       05       01    200512     .32    30.2    -.76    -.76    -.68    -.76       0    1079    -.57   -1.14      .4    -.58    -.57    -.23     .62    15.8    44.6 
       05       01    200601     .57    34.9    -.78    -.78     -.3    -.78       0     933     .54    -.15    -.76      .2    -.68    -.44     .64    19.4    50.4 
       05       01    200602     .09      32   -1.15   -1.15   -1.37   -1.15       0     924   -3.09     -.8   -1.02    -.26    -.71    -.55     .47    15.2    48.7 
       05       01    200603     .81    39.8   -1.41   -1.41   -1.12   -1.41       0     781    -.13   -1.07    -.69    -.11    -.77    -.72     .57    24.8    54.8 
       05       01    200604     .44    52.1   -2.38   -2.38   -3.35   -2.38       0     391   -3.09   -1.22   -1.96   -1.85    -.64   -1.16    -.29    34.6    69.6 
       05       01    200605    1.11      60   -3.48   -3.48   -4.02   -3.48      22     177    -.89   -1.69   -1.46   -2.13   -1.22   -1.28    -.01    43.7    76.4 
       05       01    200606    1.01    70.3    -4.4    -4.4   -3.85    -4.4     179      20    -.75   -1.26   -1.73   -1.77   -1.31   -1.55    -.48    53.8    86.9 
       05       01    200607     3.9    73.3     .69   -3.26    2.07   -2.41     257       0    1.42     .59    -.02    -.88   -1.04    -.56    -.31    58.9    87.7 
       05       01    200608    3.64    69.5     1.7   -1.84    3.24     .25     150      10    1.58    2.02    1.27     .01    -.19    -.13    -.14    56.4    82.6 
       05       01    200609    1.87    57.4    2.16   -1.02     1.9    1.66       7     235     .97    1.73    2.07     .36     .15     .25    -.02      43    71.8 
       05       01    200610    2.22    49.3    3.13    3.13    3.59    3.13       0     487    1.48    1.57    1.96     1.3     .55     .38     .32    35.1    63.4 
       05       01    200611     .28    40.9    2.52    2.52    -.87    2.11       0     723    -.69    1.03    1.27    1.56     .57     .38     .05    25.4    56.3 
       05       01    200612     1.8    30.1    3.63    3.63     4.1    3.63       0    1082    2.42    1.44    1.88    2.58    1.06     .85     .41    17.9    42.4 
       05       01    200701     .65      21    3.51    3.51     .76    3.51       0    1364     .79    2.46    1.61     2.4    1.68     .87     .28     8.3    33.8 
       05       01    200702     .34    29.4    3.11    3.11    -.12       3       0     997     -.5     .14    1.77    1.86    1.98     .95     .25    17.4    41.3 
       05       01    200703     .68    44.8    2.16    2.16   -1.88    1.25       0     626    -.42    -.81    -.36    1.36    2.32     .91     .07    29.8    59.8 
       05       01    200704     2.2    45.7    2.55    2.55    1.83    2.31       0     579     .84      .5     .29     .85    1.81    1.39     .24    31.8    59.6 
       05       01    200705    2.35    57.2    2.53    2.53     .72    2.51       9     251     .44     .73     .51    1.02    1.38    1.62     .44      43    71.5 
       05       01    200706    1.95    65.7    2.65    2.65    1.14    2.65      89      68     .43      .5     .71     .49     1.2    1.91     .56    50.1    81.2 
       05       01    200707    1.79    72.2    -.24    2.13    -.73    1.76     226       0    -.69     -.3     .02      .1     .55    1.45     .66    56.8    87.6 
       05       01    200708    2.54    73.4    -.04    2.09     .55    1.89     260       0     .47    -.25    -.04     .26     .76    1.18      .7    58.2    88.5 
       05       01    200709     .97    64.4    -.37    1.54   -1.02     .85      63      81    -.19     .13    -.36     .29     .16     .88     .73    48.7    80.1 
       05       01    200710      .5    53.1    -.74     .97   -1.22    -.24       0     369    -.51    -.58    -.17     -.2    -.08     .32     .37    36.3    69.9 
       05       01    200711     .15      41   -1.32   -1.32   -1.95   -1.32       0     720   -1.29   -1.18   -1.08    -.57    -.19     .26     .35    23.9    58.1 
       05       01    200712    1.11    27.1     .62    -.56    1.86      .6       0    1175     1.4     .28    -.31    -.48     .11    -.01     .56    14.1      40 
       05       01    200801     .51    26.7     .59     .59     .11     .59       0    1187     .34    1.28      .3    -.11    -.17    -.06     .54    12.4    41.1 
       05       01    200802     .52      32     .59     .59     .17     .59       0     924     .14     .23     .97     -.4     -.3    -.01     .64    17.4    46.7 
       05       01    200803     .72      39    -.26    -.26    -.78     .27       0     806    -.33    -.37    -.23    -.45    -.55     .03     .64      24      54 
       05       01    200804     .77    45.9    -.58    -.58   -1.03    -.58       0     573    -.72    -.82    -.85    -.53    -.55    -.45     .75    29.5    62.3 
       05       01    200805     .93    56.4   -1.42   -1.42   -2.72   -1.42       7     274   -1.14   -1.47    -1.4     -.8   -1.29     -.9     .66      40    72.8 
       05       01    200806     .99    67.2   -2.08   -2.08   -2.41   -2.08     114      48    -.78   -1.48   -1.62   -1.49   -1.47   -1.31      .7    49.9    84.4 
       05       01    200807    1.69    73.4   -2.63   -2.63    -2.3   -2.63     260       0    -.82   -1.21   -1.87   -1.98   -1.77   -1.44     .14    57.5    89.4 
       05       01    200808    4.21      69    1.66     -.7    4.98    1.47     137      13    2.09     .92     .33    -.69    -.38    -.82     .29    55.7    82.4 
       05       01    200809     .67    61.1     .97   -1.15   -1.56     .28      25     142    -.71    1.26     .46    -.81    -.87    -.94    -.01    46.4    75.9 
       05       01    200810     1.7    51.3    1.55    1.55    2.04    1.55       0     425    1.04     .32    1.39    -.16    -.51    -.42    -.16    36.1    66.6 
       05       01    200811     .41    41.9    -.47     .92   -1.41      .1       0     693    -.27     .69     .11     .24    -.58    -.34    -.13    27.3    56.5 
       05       01    200812     .68    30.2    -.27     .98     .46     .36       0    1079     .53    -.02     .71     .65    -.46    -.53    -.43    16.5    43.9 
       05       01    200901     .26    33.1    -.55     .57    -.92    -.52       0     989    -.67    -.03     -.4    1.15     -.3    -.63    -.52      18    48.2 
       05       01    200902     .37    36.9    -.91    -.91   -1.26    -.91       0     787    -.37    -.91    -.34    -.14      .1    -.68    -.53    21.1    52.8 
       05       01    200903     .86    41.4   -1.25   -1.25    -1.3   -1.25       0     732    -.03    -.39    -.65     .17     .38     -.6    -.52    25.4    57.5 
       05       01    200904     1.7    46.6    -.92    -.92     .61    -.47       0     552     .46     .27     .06    -.16     .79    -.24    -.62    32.1      61 
       05       01    200905     1.5    58.4   -1.47   -1.47   -1.92   -1.47      13     218    -.41    -.06    -.14    -.25    -.23    -.02    -.75    44.2    72.5 
       05       01    200906     2.2    65.3   -1.43   -1.43    -.34   -1.43      83      74     .67     .09     .17     -.1     .18     .35     -.7    50.7    79.8 
       05       01    200907    3.34      71    -.81    -.81    1.43     .06     190       0     .94    1.04     .57     .39     .27     .89    -.32    55.6    86.3 
       05       01    200908    1.41    68.8   -1.45   -1.45   -2.19   -1.45     132      14   -1.02     .08     .36     .05    -.01    -.04    -.59    53.2    84.3 
       05       01    200909    1.48    60.2     .18   -1.12     .55    -.74      18     162     .52    -.45     .24     .22     .02     .25    -.48    45.8    74.7 
       05       01    200910    2.39    43.9    1.72    1.72    4.67    1.72       0     654    1.61    1.43     .67     .73     .61      .5    -.03    30.6    57.2 
       05       01    200911     .38    41.6    1.37    1.37    -.54    1.03       0     702    -.36    1.26     1.2     .88     .56     .48     .02      27    56.2 
       05       01    200912     .56    24.6    1.33    1.33     .33    1.09       0    1252     .23    -.31    1.16     .74     .61     .42    -.13    11.9    37.3 
       05       01    201001     .41    30.4    1.16    1.16     -.1      .8       0    1073    -.02     .04     -.4     .42     .56     .46    -.15    15.7    45.1 
       05       01    201002     .93    27.9    1.53    1.53    1.47    1.53       0    1039    1.09     .84     .63    1.28     .97     .64    -.07    16.2    39.6 
       05       01    201003    1.99    39.1    2.21    2.21     2.5    2.21       0     803    1.66    1.92    1.68    1.79    1.28    1.03     .25    25.2    52.9 
       05       01    201004    1.37    48.6       0    1.98    -.01     1.9       0     492     .16     .81    1.01     .68     .81     .88     .45    33.9    63.3 
       05       01    201005     .98    55.4    -.55    1.23   -1.63     .36       5     303   -1.07    -.74     .03     .23     .73      .7     .45    40.4    70.4 
       05       01    201006    1.06    69.5    -.81     .79    -.96    -.51     160      25    -.67   -1.35   -1.04    -.18     .34     .37     .51    53.8    85.2 
       05       01    201007    3.51    72.8     .84    1.55    2.53    1.27     242       0    1.09     .34    -.32     .33     .22     .44     .88    58.1    87.5 
       05       01    201008    2.44    71.1    1.01    1.64     .76    1.62     194       0     .35     .96      .4     .19     .36      .8     .49    56.3      86 
       05       01    201009     .63    66.1    -.68     .79   -2.05    -.33      89      56    -.78    -.28     .46    -.48      .1     .51     .47    48.7    83.5 
       05       01    201010     .36      53   -1.14   -1.14   -1.57   -1.14       0     372    -.83   -1.23    -.62    -.69     -.1    -.18     .12      37      69 
       05       01    201011     .23    38.3   -1.44   -1.44   -1.27   -1.44       0     801    -.88    -1.3   -1.64    -.41     -.4    -.25     .08    22.2    54.4 
       05       01    201012      .4    34.4   -1.56   -1.56    -.79   -1.56       0     949    -.27   -1.03   -1.29    -.22    -.88    -.34       0    20.5    48.3 
       05       01    201101     .34    28.2   -1.61   -1.61    -.63   -1.61       0    1141     -.3    -.54   -1.15   -1.06    -.95    -.37     .02    13.2    43.3 
       05       01    201102     .66    28.2   -1.34   -1.34     .32    -1.1       0    1030     .52     .17    -.17   -1.46    -.48    -.47     .08    12.9    43.4 
       05       01    201103     .51    42.1   -1.92   -1.92   -2.17   -1.92       0     710    -.87    -.51    -.62   -1.39    -.43    -.99    -.03    26.4    57.8 
       05       01    201104      .8    48.9   -2.41   -2.41   -2.06   -2.41       0     483    -.65   -1.11    -.91   -1.31   -1.29   -1.17    -.22    32.6    65.2 
       05       01    201105    1.17    54.9   -3.01   -3.01   -2.55   -3.01       0     317    -.81   -1.13   -1.34   -1.42   -2.05   -1.03    -.24    39.3    70.6 
       05       01    201106     .96    69.4   -3.88   -3.88   -3.55   -3.88     158      26    -.84   -1.25   -1.41   -1.49   -1.93   -1.11    -.55    52.3    86.6 
       05       01    201107    2.14    75.6   -4.19   -4.19   -2.11   -4.19     329       0    -.27    -.84   -1.27   -1.55    -1.9   -1.76    -.86    59.6    91.6 
       05       01    201108    1.89    74.3   -4.45   -4.45   -2.09   -4.45     288       0    -.33    -.49    -.87   -1.55   -1.68   -2.13    -.74    58.7    89.9 
       05       01    201109     .97    62.3   -4.36   -4.36   -1.08   -4.36      36     117    -.19    -.48    -.56   -1.44   -1.62      -2     -.9    47.2    77.4 
       05       01    201110     .96      51   -3.87   -3.87     .12   -3.76       0     434     .23    -.08    -.31   -1.11   -1.44   -1.69   -1.22    35.1      67 
       05       01    201111     .73    39.4   -3.51   -3.51    -.12   -3.39       0     768     .46     .27     .01    -.68   -1.37   -1.44   -1.13    24.3    54.5 
       05       01    201112    1.11    25.6   -2.53   -2.53    1.86   -1.64       0    1221     1.4    1.14     .72    -.11    -.99   -1.13   -1.04    12.9    38.3 
       05       01    201201     .14    33.8   -2.68   -2.68   -1.25   -2.24       0     967   -1.34     .62     .62    -.09     -.9    -1.2   -1.09    19.9    47.8 
       05       01    201202     .55    31.4   -2.36   -2.36     .13   -1.82       0     941     .23    -.69     .48     .15    -.56   -1.22   -1.18    18.3    44.4 
       05       01    201203     .38    46.6   -3.27   -3.27   -3.44   -3.27       0     570   -1.28      -1   -1.46    -.15    -.52   -1.26   -1.59    30.1    63.1 
       05       01    201204    1.46    52.6   -3.55   -3.55   -1.85   -3.55       0     377     .25    -.39    -.43     -.1    -.36    -.96   -1.66    37.3    67.9 
       05       01    201205    1.02    59.6   -4.45   -4.45   -3.82   -4.45      20     187   -1.01    -.62      -1    -.73    -.64    -.96   -1.58    43.4    75.8 
       05       01    201206     .53    72.7    -5.6    -5.6   -4.81    -5.6     240       9   -1.76   -1.93   -1.35   -1.73   -1.09   -1.16   -1.89    55.5    89.8 
       05       01    201207    1.79    75.5   -5.98   -5.98   -2.86   -5.98     326       0    -.69   -1.54   -2.15    -1.9   -1.54   -1.38   -2.17    59.9    91.2 
       05       01    201208    1.02    71.4   -6.62   -6.62   -3.77   -6.62     203       0   -1.68   -1.53   -2.05   -2.18   -2.21   -1.86   -2.72    55.1    87.6 
       05       01    201209    1.31    62.9   -6.03   -6.03    -.29   -6.03      43     106      .3   -1.01   -1.18   -1.84   -2.26   -1.72   -2.53      47    78.8 
       05       01    201210     .49    49.4   -5.71   -5.71     -.9   -5.71       0     484    -.54    -.22   -1.16   -2.05    -2.2   -1.94   -2.23    33.7    65.1 
       05       01    201211     .08    43.2   -5.99   -5.99    -2.6   -5.99       0     654   -1.83   -1.34    -.77   -1.93    -2.3   -2.24   -2.26    25.9    60.5 
       05       01    201212      .5    30.4   -5.42   -5.42    -.15   -5.42       0    1073     .05   -1.17   -1.17   -1.46    -2.1   -2.39   -2.23    15.8      45 
       05       01    201301     .25    28.8   -5.17   -5.17    -.91   -5.17       0    1122    -.71    -.51   -1.47   -1.65   -2.15    -2.3   -2.22      13    44.6 
       05       01    201302     .55    30.6   -4.65   -4.65    -.04   -4.61       0     963     .23    -.34    -.36    -.91    -1.9   -2.21    -2.2      16    45.1 
       05       01    201303     .63    38.8    -4.6    -4.6   -1.28    -4.6       0     812    -.55    -.49    -.76   -1.39   -1.61   -2.15   -2.21      23    54.6 
       05       01    201304     .67    43.4    -4.4    -4.4    -.84    -4.4       0     648    -.98   -1.13   -1.06   -1.62    -1.8   -2.47   -2.47    27.8      59 
       05       01    201305    1.13    57.4   -4.88   -4.88   -2.79   -4.88      10     245    -.86   -1.34   -1.39   -1.59   -1.67   -2.38   -2.51    41.7      73 
       05       01    201306    1.14    70.5   -5.52   -5.52   -3.44   -5.52     183      18    -.55   -1.11   -1.41   -1.54   -1.93   -2.14    -2.8    53.3    87.8 
       05       01    201307    2.84    71.8   -4.92   -4.92     .09   -4.84     214       0     .47    -.11    -.62   -1.11   -1.49   -1.78   -2.18    57.1    86.5 
       05       01    201308    2.54    71.2   -4.36   -4.36     .16   -4.16     197       0     .47     .55     .11    -.86    -.94   -1.21   -2.09    56.7    85.6 
       05       01    201309    2.99    65.7   -2.69   -2.69    3.66   -1.08      83      62    2.01    1.74    1.51     .09    -.13    -.53   -1.53    51.8    79.6 
       05       01    201310     .56    48.9   -2.63   -2.63    -.65   -1.27       0     499     -.4    1.22    1.13     .27    -.18    -.45   -1.52    33.7    64.1 
       05       01    201311     .66    38.3    -2.4    -2.4    -.12   -1.08       0     801     .32    -.29    1.17     .69    -.18    -.26   -1.54    23.7    52.8 
       05       01    201312     .21    28.9   -2.49   -2.49   -1.01   -1.51       0    1119   -1.11    -.46     -.7     .85    -.19    -.39   -1.78      14    43.8 
       05       01    201401      .5      30   -2.28   -2.28    -.14   -1.33       0    1085     .31    -.62    -.37     .89     .11    -.31   -1.67    14.5    45.4 
       05       01    201402     .49    30.2    -2.1    -2.1    -.16   -1.19       0     974     .05     .14    -.55     .81     .49    -.33   -1.67    17.1    43.4 
       05       01    201403     .65    39.8   -2.34   -2.34   -1.38   -1.75       0     781     -.5    -.56    -.41    -.84     .65    -.29   -1.65    23.9    55.7 
       05       01    201404     1.2      48   -2.34   -2.34    -.72    -1.9       0     510    -.03    -.38    -.48    -.59     .36    -.09   -1.83    32.9      63 
       05       01    201405    1.39    57.1   -2.82   -2.82   -2.15   -2.82       9     254    -.54    -.53     -.7     -.9    -.01     .02   -1.66    41.8    72.4 
       05       01    201406    1.24      68   -3.43   -3.43   -2.71   -3.43     129      39     -.4    -.77    -.75    -.86   -1.08     .04   -1.58    51.9    84.1 
       05       01    201407    3.83    71.8     .78    -2.3    2.34    -1.3     214       0    1.36     .71     .24    -.14    -.21     .37    -.92    57.5    86.1 
       05       01    201408    1.93    69.5     .37   -2.39      -1   -1.76     150      10    -.28     .82     .39    -.28    -.39     .16    -.69    54.7    84.2 
       05       01    201409    1.13    63.8     .05   -2.43    -.83   -2.07      55      91     .05    -.29     .65    -.16    -.29    -.53    -.77    48.7    78.9 
       05       01    201410     1.3    53.5     .28   -1.94     .71   -1.27       0     356     .64     .38     .08     .11    -.14    -.21    -.55    38.2    68.8 
       05       01    201411     .52    36.4     .19   -1.81     -.2   -1.17       0     858     .01      .4     .26     .36    -.17    -.28    -.44    21.4    51.5 
       05       01    201412     .72      31     .38   -1.41     .63    -.53       0    1054     .63     .25     .48     .68       0    -.13    -.42    17.8    44.2 
       05       01    201501     .56    32.1      .4   -1.21     .18    -.26       0    1020     .51     .68     .35     .13     .13    -.11    -.34    19.1    45.1 
       05       01    201502    1.29      34    1.07    1.07    2.14    1.07       0     868     1.7    1.61    1.51     .88     .73     .16    -.18    20.1    47.9 
       05       01    201503     .59      43    -.59    -.59   -1.78    -.59       0     682    -.65     .65      .7     .69     .84     .17    -.21      28    58.1 
       05       01    201504    1.42    49.3    -.72    -.72    -.58    -.72       0     471     .21    -.21     .35     .37     .21     .24     .03    34.1    64.5 
       05       01    201505    5.99    53.9    2.74    2.74    8.21    2.74       0     344     2.8    1.94    1.71    1.89    1.72    1.52    1.16      42    65.8 
       05       01    201506    2.01    68.8    3.46    3.46       3    3.46     145      31     .49    2.44     1.9    1.93    1.81    1.76    1.38    54.1    83.5 
       05       01    201507    2.45    71.3    3.87    3.87     2.3    3.87     199       0     .07     .26    2.16     1.8     1.7    1.49    1.29    57.1    85.6 
       05       01    201508    2.18    71.2    3.84    3.84    1.11    3.84     197       0     .04    -.01     .18     1.5    1.74    1.65    1.21    55.8    86.6 
       05       01    201509     .48    67.4    2.73    2.73   -2.13    1.85     111      39    -1.1    -.67    -.48    1.34    1.44    1.43     .65    51.1    83.6 
       05       01    201510    1.73      55    3.07    3.07    1.84    2.84       0     314    1.07     .18      .1    1.71    1.52    1.48     .88      41    69.1 
       05       01    201511    1.02    38.8    3.05    3.05      .9    3.05       0     786     .95    1.24     .48     .33    1.41    1.66     .97    24.2    53.5 
       05       01    201512     .52    31.6     2.8     2.8     .19     2.8       0    1035     .11     .72    1.11     .18    1.56    1.64    1.13    18.5    44.6 
       05       01    201601     .36    31.1    -.09    2.42    -.27    2.24       0    1051    -.22    -.17      .5     .21    1.79    1.59    1.07    16.5    45.7 
       05       01    201602     .55    37.4    -.27    1.98    -.57    1.51       0     773     .23    -.05    -.12     .29     .23    1.35     1.1    22.4    52.4 
       05       01    201603     .54    42.2    -.88    1.14   -1.91    -.16       0     707    -.78    -.66    -.72      .5    -.08    1.33    1.13    25.9    58.5 
       05       01    201604    3.02    47.7    1.02    2.05    3.07    1.92       0     519    1.32     .93      .9     .88      .6    1.71    1.58      33    62.3 
       05       01    201605    1.42      55    -.27    1.57     -.8    1.04       0     314     -.5     .68     .38     .32      .4     .36     1.4    40.6    69.4 
       05       01    201606    2.22    70.2    -.02    1.63     .65    1.32     176      20     .69     .04     .79     .47     .82     .43    1.63    53.9    86.6 
       05       01    201607    1.99      74    -.35    1.13    -.99     .36     279       0    -.45     .07    -.27     .29      .4     .29    1.24    57.8    90.2 
       05       01    201608    2.31    68.7    -.14    1.19     .53     .61     129      15      .2    -.27     .11     .25     .24     .34    1.32    54.4      83 
       05       01    201609     .67    64.6    -.76    -.76    -1.9    -.76      66      78    -.71    -.36    -.58     .22       0     .41    1.23    48.7    80.5 
       05       01    201610      .1    56.3   -1.57   -1.57   -2.68   -1.57       6     276   -1.76    -1.6    -.92    -.82    -.27    -.14     .93    38.8    73.8 
       05       01    201611     .41    43.9      -2      -2   -1.77      -2       0     633    -.27   -1.46   -1.71    -.66    -.36    -.39      .9    28.2    59.6 
       05       01    201612     .67    28.5   -1.65   -1.65     .43   -1.39       0    1132     .51    -.04   -1.02    -.95    -.16    -.36     .96    13.8    43.2 
